00000000000000000000000000010100
00100000000100000000000000001000
00100000000100010000000000000000
00100000000100100000000000000000
00100010000101001111111111111110
00100011100100110000000000000000
10001110011010110000000000000000
10001110011011000000000000000001
00000001100010110101000000101010
00010001010000000000000000000011
10101110011010110000000000000001
10101110011011000000000000000000
00000010010101000101000000101010
00010001010000000000000000000100
00100010010100100000000000000001
00100010011100110000000000000001
00001000000000000000000000000101
00100000000100100000000000000000
00100010001100010000000000000001
00000010001100000101000000101010
00010101010000001111111111110001
00000000000000000000000000001010
00000000000000000000000000000101
00000000000000000000000000000011
00000000000000000000000000000010
00000000000000000000000001001101
00000000000000000000000000101111
00000000000000000000000001101001
00000000000000000000001111101000