00000000000000000000000000010100
00100000000100000000000000000110
00100000000100010000000000000001
00100011101111011111111111111110
10101111101111110000000000000001
10101111101100000000000000000000
00101010000010000000000000000001
00010001000000000000000000000100
00100000000000100000000000000001
00100011101111010000000000000010
00000011111000000000000000001000
00100010000100001111111111111111
00001100000000000000000000000010
10001111101111110000000000000001
10001111101100000000000000000000
00100011101111010000000000000010
01110000010100000001000000000010
00000011110111010100000000101010
00010101000000000000000000000010
00000011111000000000000000001000
10101111100000100000000000000000