00000010001100101000000000100000
00000010001100101000000000100001
01110010001000001000000000100000
01110010001000001000000000100001
00000010001100101000000000100010
00000010001100101000000000100011
01111100000100011000010000100000
01111100000100011000011000100000
00000010001100101000000000100100
00000010001100101000000000100111
01111100000100011000000010100000
00000010001100101000000000100101
00000010001100101000000000100110
01111110001100000100100101000000
01111110001100000111000101000100
00000010000100010000000000011010
00000010000100010000000000011011
01110010000100010000000000000000
01110010000100010000000000000001
01110010000100010000000000000100
01110010000100010000000000000101
01110010001100101000000000000010
00000010000100010000000000011000
00000010000100010000000000011001
00000010010100011000000000000100
00000000000100011000000101000010
00000000000100011000000101000011
00000010010100011000000000000111
00000010010100011000000000000110
00000000001100011000000101000010
00000010010100011000000001000110
00000010001100101000000000101011
00000010001100101000000000001011
00000010001100101000000000001010
00000000000000001000000000010000
00000000000000001000000000010010
00000010000000000000000000010001
00000010000000000000000000010011
00000010000000000000000000001000
00000010001000001000000000001001
00100010001100000000000000000101
00100110001100000000000000000101
00111100000100000000000000000101
00110010001100000000000000000101
00110110001100000000000000000101
00111010001100000000000000000101
00101010001100000000000000000101
00101110001100000000000000000101
00010010000100011111111111111111
00011110000000000000000000000000
00010110000100011111111111111101
00000110000000000000000000000000
10000010001100000000000000001010	
10001110001100000000000000001010
10000110001100000000000000001010
10100010001100000000000000001010
10100110001100000000000000001010
10101110001100000000000000001010
00001000000000000000000000000000
00001100000000000000000000000000
